-0.0151627922073004
-0.015164285421692
0.0277757588802076
0.0280071468655665
0.00311156670268863
-0.0151620153140164
-0.0151283762292497
0.0289744079514751
0.00313482949795509
-0.0151650707548259
0.00314259504023747
0.00311309160321433
-0.0151267893548892
-0.0151620812582644
-0.0151349439710361
0.0289447314001125
-0.0151594810041733
0.00499771014300529
0.00499660294590214
-0.0151612148942593
-0.0151595833530024
0.00313508970667904
0.0289532702994204
0.00499486977700871
0.00312767694146314
-0.0151612449878954
-0.0151601539489852
-0.015118180593035
0.0289740128594466
-0.0151622406977864
-0.0151654202830136
-0.0151681237810107
-0.0151398794796141
0.0031498094921134
0.00315092213547892
-0.0151606474114804
0.00313710859301643
0.00313335361721112
-0.0151684813193047
-0.0151411362673366
0.0289784506707744
-0.0151644173626796
0.0289861980908014
-0.0150703736065375
0.028968599552892
0.00314262547581463
0.0288840924548685
0.00312774792492818
0.00313012856100376
0.0031196356663075
0.0031170723497075
0.00506894462441927
-0.0151597541490131
-0.01515466028627
-0.0151388333013519
0.00313741811696943
0.00312933101868528
-0.0151615678347664
-0.0151642230930254
0.0289665233095262
-0.0151642213010307
-0.015144184911276
-0.0151482673709627
0.0289434591529554
0.00504403479746729
0.0289310521347874
0.00313038923503987
-0.0151615372889523
-0.0151459527699666
-0.0151200706526766
0.0289864444121799
0.00313734207136972
-0.0151627254608521
0.0030984429635817
0.00312355805007101
0.00313720854332496
-0.01515812217506
-0.0151615664551987
0.00499186446900823
0.00313333106295984
0.0288897687394498
0.0289782507991246
-0.015166797238131
0.00308996509849238
0.0049888245304994
0.0289706642065519
0.028958845935714
0.00313374074582864
0.00312813751679746
0.00313635740419708
0.00499913632139096
-0.0151585473199954
0.00313944750241405
0.00311832720488628
0.00313254451494302
-0.0151101180231391
0.0289679550721799
-0.0151336471592165
-0.0151610647995429
0.003134088389558
-0.015141904000166
0.00313030119502261
-0.0151562282156978
-0.0151585953236832
-0.0151637149409955
-0.0151577306234592
0.0289771835843295
-0.0151442432140999
0.0289733931640994
0.00312961133380572
-0.0151628788710069
-0.0151129345117013
-0.0151724588510613
0.00499463588650796
-0.0151658028284323
0.0289769887697245
0.00313739129726524
-0.0151659837385118
0.0289626678434608
0.00313663943346275
-0.0150838397473759
-0.0151644774710109
-0.01514805042483
0.00311073567911977
-0.0151562632244618
0.00313673393853179
0.0289373256368329
0.00312081082977035
0.00499069617021311
0.00499415935308882
-0.01515982905466
-0.0151800637252775
0.00499361878800448
0.00317524860462949
-0.0151700914187498
0.00499209969228937
0.00314263912703345
0.00499164407122214
0.0289525767708883
0.00313352133876246
0.0289581097886204
-0.0151579988929669
0.0289500289302949
-0.0151577191762073
0.0289716763201388
0.0031082021269538
0.0289508710852506
0.00310980723195194
0.00313655221080916
-0.0151624302016602
-0.0151312115248725
0.00499374716362449
0.00313456498604871
-0.0151718626871871
0.0289431607799397
0.00230021515142181
-0.0151622368215477
-0.0151465550746856
0.00311700321044973
-0.0151610374815869
0.00312129466171783
0.00313711579942353
-0.0151634922381372
0.0289505821048317
0.00310687158462681
0.00274914717479195
0.00313307427586567
0.00499474410746346
0.00312486420834402
-0.0151621824101343
0.0289730954539499
-0.0151634356591255
0.00499566893799205
-0.0151584482964073
-0.0151275117476214
-0.0151372443862521
0.00313327820986481
0.00314483668759603
-0.0151610588875799
0.00311546836405533
0.00310865148872685
0.00315174614746653
-0.0151449324687718
-0.0151567367391822
-0.0151611965322729
-0.0151536896947114
-0.0151346976560778
0.00310244084681924
0.00499149044537204
0.00316509908703948
0.00315830480784103
-0.0151616018264901
-0.0151097117656023
0.00310453602385922
-0.015162151464299
-0.015140203415785
-0.0151604497208162
0.0289601605994063
-0.0151246325938887
-0.0151631548389181
0.00313989750883799
0.00499478979410421
-0.0151275673068836
0.0031628454293248
0.00313491469917403
0.00312330350362316
-0.0151538575320652
0.00499517200877335
0.0049917775182389
0.0289720299224958
0.00313944772198117
0.0289262852683393
0.00499275387541143
0.0289637836197013
-0.0151693517778544
-0.0151594628491684
-0.0151540763457334
0.00313697937972556
-0.0151628423204966
0.0289662623180411
-0.0151596243147461
-0.0151644504062879
0.00311530324256548
0.00313443757833486
-0.0151614992293803
0.00500292756063394
-0.0151621639018411
0.00499276504214322
-0.0151623015885518
-0.0151644716130607
0.00312583993370169
0.0289155544963413
0.0289050288480869
0.00313383349043618
0.00313459896955893
-0.0151600725976804
-0.015161919717804
0.00314320922537152
-0.0151464518309075
0.028908198239359
0.00313386075750954
0.0289707403275746
0.00317741542308587
0.0289710197586628
0.00499330595353434
0.00499554860814421
-0.0151507360889791
0.0289885780712526
0.00314116855186979
0.00314663575095518
0.00272442048220539
0.0289582926887405
-0.0151483595712358
0.0289647773566546
0.00499143416305191
0.00314389761664263
-0.0151620319938372
0.00315199985443365
-0.0151181734399695
0.0289690138207026
0.00495712523064823
0.00499521660167431
0.00503794170673943
0.0289459143523676
0.00313433808626933
0.0289576888282077
0.00308693901490521
0.028949491173239
-0.0151592397567527
-0.0151663222754296
-0.0151644976789592
0.00313714568918664
-0.0151597336008826
-0.01506029541066
-0.0151398902644709
-0.0151154101343749
0.00313108931505716
0.0289633124236119
0.00313245303533078
0.00313193802453263
-0.0151674709700066
-0.0151640969543627
-0.0151528059710929
-0.0151665861063351
0.0289728244221183
0.00311990068145652
0.00499407969971372
-0.0151582284564271
0.00313033501454446
0.0031326989333599
0.00313421600150811
-0.0151633029429378
0.00498641106763975
0.00310955044511789
0.00311830486905289
0.00499549445941297
0.00313427855903266
-0.0151031285872034
-0.0150888860945957
0.00490447373083348
-0.0151638061912719
0.00500111931941307
0.00311285349336511
0.028949816536008
0.00499003293089171
-0.0151628699098623
0.00313343357282922
-0.0151721588069141
0.00499837177907002
-0.0151638591667194
-0.0151637044802377
0.00308154909605501
-0.015162769123606
0.0289448382942217
0.0289664686298665
0.00319317740540324
0.0031341097070805
0.00499153881403751
-0.0151691385014647
0.00312765282841736
-0.0150980952883404
-0.0151595164207121
0.00311847934109363
0.00202955696371095
0.028967662349309
0.0049929177351297
-0.0151610511385882
0.00313529430940685
0.00313018786287799
-0.0151576069461408
-0.0151262554103207
0.0289377422428203
0.00313191735770997
0.00313351694732926
-0.0151615311304225
0.00310998033291794
0.00315015678045244
0.0031354718872668
0.00498700106653341
0.00499267731916556
0.00495373755797212
0.0289418331694778
-0.0151531178788618
0.00312926443602659
-0.0151674183566146
0.00496920678919877
0.00314145970524706
0.00501463425088992
0.0289874060967401
0.00310859449596029
-0.015161382518581
0.00499698205304933
0.00499249069784397
0.00317370506281225
-0.0151621963497445
0.00313280305009892
0.0289606278926594
0.00499616699629305
0.005024887286597
-0.0151586463132112
-0.015146442354683
-0.0151615874875772
0.00314900418411546
0.00499488040612339
-0.0151610536543659
0.00313475074247142
-0.0151452375775882
0.0289597043831919
-0.0146665487118934
0.00499332175669981
-0.015159527868709
0.00313736177374869
-0.0151157931205892
-0.0151573926447504
0.0031339447572909
0.0289700669355979
0.00309877424515481
0.00499344767784809
-0.0150748414803973
-0.0151629381573232
0.00499747446381316
-0.0151619382114501
0.00314411221004717
-0.0151617082298329
-0.0151568058014931
0.00499569593205563
-0.0151119068666004
-0.0151403795506003
0.00316208233808989
0.0289785546810562
0.00313270684612572
-0.0151660930124139
0.00317135752038782
0.0289970514289599
0.00498658947236139
0.0289360611045217
0.00308944671051554
-0.0151489791304507
0.00314744345440287
0.0031314443347974
0.00313163675004234
-0.0151612483963433
-0.0151389222679779
-0.0151623281022042
0.0031380497840202
0.0289609919160188
0.0289223723307192
0.0289776419222872
0.0289685944297789
-0.0151659820121549
-0.0151660051023882
-0.0150569409870946
-0.0151608407341294
0.00313273066093753
-0.015170662045425
-0.0151662711815426
0.0289735680681596
0.00314055444015145
0.0289624224437151
0.0289731664492135
0.00499384689716268
0.0289617106000001
0.0031229177213665
-0.0151662209263858
0.0289419076396135
0.00311854265025106
-0.0151202795117415
0.0031696312035218
-0.0151617734364313
-0.015168147672262
-0.0151599978634915
-0.0151450195313071
-0.0151616208924834
0.0289684727872573
0.00313184914867005
0.00501986074324159
0.0289258143141529
0.00499177591047931
0.00499690871039797
-0.0151634302992713
-0.0151650557539796
0.0289679543372427
-0.0151487839249432
0.0289906510007097
0.00313501646403171
-0.01516675079045
0.0289768495499181
0.00161967413001953
0.0289424039698412
0.00497083588269683
-0.0151612899862113
-0.015159784941677
0.0049876156395641
-0.0151566941578473
0.00313522645096909
0.0289659289695362
-0.0151573214406211
0.00316027805761159
-0.0151592433546639
0.00311822879571756
0.00498944714527722
-0.015136006469998
0.0031030417412435
-0.0151111705194568
0.0288835372129006
-0.0151617669519604
-0.0151451648273881
0.0031274486584478
0.00317013262236413
0.00312863929128379
0.0289291965222524
0.00499473327553122
-0.015150233219977
-0.0151616803126575
0.0289891064503137
-0.0151142491879854
0.0289785921166312
0.00258396000970672
0.00313204508247254
0.0289747858225095
0.00313546099834958
-0.0151645570472945
-0.015165062568389
0.00499664461572342
-0.0151616197882093
0.00499297764342567
0.0287981058428611
0.0289652582911792
0.00311330252307666
0.0289711282190514
0.0289647441569862
-0.0151285637570302
0.00313254524642333
0.00313421497369681
0.0289478391361854
0.00499339673586129
0.0289550403339388
-0.01511780562211
-0.0151841815767575
0.0288860056741481
0.00499819347764761
0.00310284080709891
0.0289666356121311
-0.0151677836605176
-0.0151574121091658
0.0049663555166863
0.00496041009500669
0.00313338756512128
0.00308880437189351
0.00311039683963581
0.003130878194123
-0.0151627772461316
-0.0151605033311746
0.00316479805404757
0.0049913289628015
0.00310609701063785
0.00314102456427775
-0.0151778355558404
-0.015148421124185
0.003136109064988
-0.01514793618559
0.0289162724131424
0.028953407322476
0.0289904511943106
0.00313619640709753
-0.0151376559739065
0.00312449504373464
-0.0151587677671638
0.00497117650241804
0.0289607087257747
-0.0151667252752444
0.00311526199026813
0.0289798856237164
0.00312690419598306
-0.0151567359779107
-0.0151646654777137
0.00499618209062952
-0.0151649420560708
-0.0151684964283983
0.00313783343607054
-0.0137236763732551
0.00311867232762087
0.00499351296209135
0.00499495835138356
0.00498908527274904
0.0289511025659515
0.00499196150846615
0.00313132592776433
0.00312981149750141
0.0289453834982919
0.028965526124584
-0.0151797066964539
-0.0151627211947253
0.0289569796008594
0.00313226609715632
0.00499384845641713
0.00313406980879365
0.0289836299193158
-0.0151172733664173
0.00498935850845067
-0.0151633301984614
0.0288466892838543
0.0289764400341408
0.00499456923696512
0.00499028222726481
0.00310497985552941
-0.0151606617388463
-0.015164670207246
0.00313390743428218
0.0289439960865015
0.00312390290758875
-0.0151754012147364
-0.0151580056357542
-0.0151415779204955
0.00313591531292808
0.00499444862063456
-0.0151559774198666
0.00313357949715374
0.0289659177492261
0.00312888306608093
-0.0151641193358744
0.00312967782629442
0.00313972118051043
0.00313214089470684
0.0289711689094846
0.0289597470001132
-0.0151613194072843
0.00311501108590856
-0.0151582960545774
0.00313569277368955
0.00315606404545831
-0.0151710093410725
-0.0151493385268404
-0.0151647392628852
0.0289175725753724
0.00313458638704875
0.00313119656496843
-0.0151642625788709
-0.0151480217989692
0.00322186722139967
-0.0151580897796285
-0.0151485118322843
-0.0151612530213905
0.00313712220968207
-0.0151583050949276
-0.0151647163562082
-0.0151621389325247
0.00313092940257159
0.00310301014054266
-0.0151470936855324
0.028963586334691
-0.0151659065948666
-0.0150988282895476
0.00311955146135977
-0.0151345485429268
0.0031395147984368
0.0288355311006311
-0.0151642939141399
0.0289669409460396
0.00313714194799089
-0.0151595942858904
-0.0151681861390456
0.00312426950062375
0.00315480659454954
-0.0151663990652141
0.00499673487651846
-0.0151625502738563
0.0289802997609635
0.0289686597139835
0.00313246832117553
-0.015148612940709
0.00315593678291809
0.0049922663271919
0.00312551500690806
0.0289410772798287
0.00313506989607854
0.00418773608760535
0.00499279033046821
-0.015155214147777
-0.0151609354543884
0.0289923476881884
0.00313075615490664
-0.0151672593956425
0.0049872622339104
0.0289833134805742
-0.0150861687526039
-0.0151227863898309
0.00311427727244618
0.00315371573764539
-0.0151107087785993
0.0289630092849553
-0.0151572576569109
0.00499508713581239
0.00313306651746921
0.00313059757367437
0.00313282765932414
0.0289662147689298
0.00312498091697009
-0.0151598128341889
0.0289875838282327
0.0289734530819609
-0.0151653985638593
-0.015161659069339
-0.0151438669912323
0.00597659119893886
-0.0151594472144165
0.00501905265211447
0.00497167876685887
0.00312261800444216
0.0289584463059623
-0.0151729030020553
0.0289206511606839
-0.0151533006475001
0.00496717762105687
-0.0151659015369752
0.0031328437657174
0.00313213420607663
0.00314375481882887
0.00313755620689227
0.00311686995466441
-0.0151319398810719
0.00313485504723548
0.00310831601023637
0.00499783383796793
0.028974912010959
0.00310175944719436
0.0289605513809755
-0.0151598818128362
-0.0151236807546215
-0.0151675860431402
-0.0151478682998183
0.00313769783780799
0.00313281858478536
-0.0151634368246968
-0.0151490400365148
-0.0151593573603578
-0.0151248982377704
-0.0151001408236607
-0.0151634443123087
0.0262203368922199
-0.0151512447428709
0.0289657095102648
-0.0151760820185408
0.0289338248049207
-0.0151311339966495
0.00317098394036045
0.00313676807670791
-0.0151593367215338
0.00499767225205773
-0.0151361527147774
-0.0151589340568954
-0.0151653658065538
0.00497447564381221
0.00499118577172263
0.00313279887923327
0.00308900265041429
0.00312908190767789
-0.0151603082918689
0.0031384705561717
0.00499408292112056
0.0289788810593335
-0.0151066821578753
-0.0151672053357885
0.00308347819259156
-0.0151673784720369
-0.0151558963182048
-0.0151310637066487
-0.0151732083769228
-0.0151720829787815
-0.0151555534224071
0.0289423477949807
-0.0151673418659702
-0.0151626221805932
0.00496381089992247
-0.0151086012687851
-0.0151599450992652
0.00496790937113285
0.00312855092739379
0.00316866812767745
0.028975850693886
-0.0151567489042152
0.00312369017953324
0.0289555462192512
0.00499137898126575
0.00313769475061446
-0.0151571907852635
0.00499391630969332
0.00315221541112847
0.00310668176160213
-0.0151383217183932
0.0289512523060438
0.00313954015824558
0.00313303812955289
0.00313976378310248
-0.0151723952113918
-0.015120842893728
0.00310986964302359
-0.0151572244707339
0.0289706940902245
0.00311561227809491
-0.0151808440561186
0.0289598060009707
-0.0151648848261381
0.00312678408053115
0.0289323051440444
-0.0151478319025223
0.00499438154114747
0.00313430545819389
0.00314423751125743
-0.015162696458992
-0.0151660494728084
-0.0151279026860227
-0.0151693779938524
-0.0151738829991273
0.00498852021928641
0.02899096956254
-0.0151427305091743
-0.0151599421888843
-0.0151289920098912
0.00313407206718344
-0.0151622960035361
0.00316952749744192
0.00499874238725904
-0.0151544662149835
0.00320638019812375
-0.0151656558398992
-0.0151324668428445
0.00311980259690257
-0.0151629103344796
0.00499443985007846
-0.0151682959798093
-0.0151563721633158
0.00313345476955345
-0.0151600992161263
0.0289450769442854
0.00313292751816622
-0.0151658243047197
-0.0151670091370687
-0.0151310045886231
-0.015162850852251
0.00313676210523663
0.0289042409182038
0.0289446878692794
-0.0151461164244499
-0.0151655693476235
0.00315288960050067
-0.015158779168441
0.0289708478275324
0.00313639946477129
-0.0151675204300891
-0.0150922261279266
0.00501881485563258
0.00499171859943441
0.00313439854731522
0.00313122733660665
-0.0151607752611044
0.00499883820183091
0.0289444144691999
-0.0151623398769741
-0.015138418623554
-0.0151602591615716
-0.0151190557456163
-0.0151566194348492
0.00500040882087533
-0.0151752522094218
0.00312705668972552
0.00499676663066639
0.00313347709592836
0.00313354748578425
0.0289643431507171
-0.0151589612952119
-0.0151636582176829
0.00312669880924115
-0.0151654337421507
0.00499512091877195
-0.0151693910570463
-0.0151334618091448
-0.0151598149192443
0.00309795596881445
0.00312960658988572
-0.0151654819942496
-0.0151632976264417
-0.0151573795939498
0.00314152589736882
-0.0151645152761361
-0.0151437447850563
-0.015162433344328
0.00500005050994169
0.00313707237420563
-0.0151762817756532
0.00313390903128268
-0.0151668777377875
0.00499835073493357
-0.0151579412056917
0.00316676976914497
-0.01516363249452
0.0289602560002176
-0.0151377870519596
-0.0151391549536439
0.00313332325155296
-0.015163407345558
0.00315811955966703
-0.0151350852691618
-0.0151644857310809
0.0289428368966771
-0.014120791125639
0.0289643381478888
-0.0151262995573707
-0.0151218759489237
0.0289598559719387
-0.0151293979989295
0.00495887756549092
-0.0151612389495189
0.0289421503076354
-0.0151604396473298
0.00313349489801749
0.0289680733990243
-0.0151619700838884
0.00313087326921953
-0.0151499944776405
0.00313253761290937
-0.0151701605464606
0.0289966102965854
0.00313230532882985
-0.0151725954345136
-0.0151606242132133
0.00310306345762918
0.0289507700064236
0.0031409591856192
-0.0151566624237461
-0.0151601387816429
-0.0151730972974561
0.00314040269060199
-0.0151622374707745
0.00313292512478849
0.0289484719263342
0.00311781532307795
0.00499450248502804
0.0289780450366376
0.00314129309239003
-0.0151386193046972
0.00499268719288005
0.0289134682874044
-0.0151631625189686
0.028978310292626
-0.0151596744565483
0.00313427412740042
0.00496632690055838
0.00498982295167931
0.00316720310910235
0.00313108921668726
-0.015165271693059
-0.0151593663389087
0.0289114517236643
0.0289624245044408
-0.0151757256123406
-0.0151452564034638
-0.0151601480871638
-0.0151606988132107
-0.0151745552327319
0.0288750260152796
0.00313770433692283
0.00499912088549969
0.00313274537258124
-0.0151644658615565
0.00499191216013583
0.00498948087115723
-0.0151125628008611
0.00499802469097088
0.0289328826304436
-0.0151621409398636
-0.0151356658223652
0.0289765477160654
0.0288961515062569
0.00499289085552974
0.00312805422005846
-0.0151632223237269
0.0289806788309747
0.00320140626527604
-0.0151634308319526
0.02893322102478
-0.0151149694617694
-0.0151145096867771
0.00499272382925284
-0.0151561724488015
-0.015166602334953
-0.0151571299879575
-0.0151595764232543
0.00313032241865392
-0.0151340064262246
-0.0151646446012481
0.00499153293692819
0.00314067016643736
-0.0151600281752986
0.0289767558684712
-0.0151249755724673
-0.015159279434089
0.00311270484829255
0.0031345765021237
0.0049954020865632
-0.0151755072055957
-0.0151643668407765
0.00313521980238447
0.00313334548921668
-0.015160618117802
-0.0151113672414238
-0.0151588539081943
0.00499487531713153
0.00313106236056757
0.003133632523438
-0.0151482324283291
0.00309188331771867
0.0289806572123743
0.0289739448610753
-0.0151563642290447
0.00315677668874782
0.00496979251224584
-0.0151622796527243
-0.0151623424322343
0.00499526231951559
0.0289351598033055
0.00313466439014183
0.00313558109782154
0.0031108949132782
-0.0151617671203681
0.0289161445787035
0.00313664832577171
0.00313615920680899
-0.0151712604131952
0.0289671208115908
0.00313518510123774
0.00313828673592288
0.0289900404962878
-0.0150872482614793
0.0030970875549767
0.00499796979612891
0.00313195263273547
0.00249633836448912
0.0289632558005266
0.0289910531972692
0.0030970876398357
0.00313759209597971
-0.0151413281009733
-0.0151374486163769
-0.0151610182717573
-0.0151554055955064
0.0289527191953803
0.00313099338466206
0.0049955101328614
0.00499447974984728
0.00313655296442398
-0.0151560878915552
-0.0151580462130238
-0.0151653777065106
0.0289759382636167
-0.0151653940914323
-0.0151652198742803
0.00313654679251065
0.00312283408466436
0.00499198893988088
-0.0151623326799912
0.00498917745967994
-0.0151473270814779
0.00499578403557195
0.00313433047159123
0.028989487560717
-0.0151604707921085
0.00499516500424216
-0.0151391831303469
-0.01515992789491
-0.0151620479572168
-0.0150911813537853
0.00496054441840649
0.00313326441203291
-0.0151383398322342
-0.015161183978439
0.00311394668342589
-0.0151117001603941
0.00313507750649184
-0.0151620838032273
-0.015170553441514
-0.0151742793364389
0.00499798390437705
0.0289285514960115
0.00313643279896621
-0.0151680651543124
0.0288418762191057
0.00314935964890979
0.0289325587312665
0.00311401437009492
-0.015159183948066
-0.0151603475160127
-0.0151596902391137
-0.0151696042212907
0.0031374896693073
-0.0139974406444036
0.00499441895743867
-0.0151462491873483
0.00317375858347922
-0.0151597591908298
-0.015137417702965
0.00312725580469327
-0.0151597756676548
0.0289547292186293
-0.015125984003316
0.0289653646418504
0.00314079256045176
-0.0151596680765701
-0.015163109109304
0.00496877697512972
0.00313909371563675
0.00499703458046981
-0.0151560178161529
-0.0151361128743039
0.0289936560847775
0.0289904826243989
0.0289525703731809
0.00498969424001304
0.00499197258351175
-0.0151630707656693
-0.0151167120639097
0.00406236462121438
0.00497489335756805
0.00496440668751196
0.00313716183911073
0.0289737937213839
0.00499162227494383
0.0289733438805005
0.00499843610327522
0.00499632758664654
-0.0151377600696538
-0.0151653483039832
-0.015164353301243
-0.0151646452697561
-0.0150952600815206
0.0289387889950759
0.00309751594549399
0.00313225496842985
0.00312008560559741
0.00313149999732858
-0.0151710003600426
-0.0151057865763853
-0.0151592880029302
-0.0151595205543961
0.0289374135670476
-0.0151608842358669
0.00496287996520098
-0.0151662576012492
0.003157579373397
0.00499489762607133
0.00311894641989393
0.00493909350776257
-0.0151672231829611
-0.0151259407502069
-0.0151665171443999
0.00313736622505658
-0.0151617447529866
0.00499477791488713
0.00313440999827701
0.0289553850091357
-0.0151642953665316
0.00310091561312516
0.00496432948319125
-0.015170573187448
0.0289610109583417
-0.0151611192981199
0.00315921533436226
0.0289767707920728
-0.0151628637950559
-0.0151640384084744
0.00313867300557274
0.00313466622817471
-0.0151617453304132
0.00499208869235461
-0.0151216340449109
0.00499015227360693
-0.01516043408959
-0.0151319859858091
0.00499255853856869
0.00499353062328411
0.00499021478527879
-0.0151706612524176
0.00314077573357186
-0.0151668104961252
-0.0151637265652196
-0.0151323880888239
0.00499367534519384
-0.0151386476616654
0.028889879223385
0.00499473407849915
-0.0151204769081702
0.00499161493274904
-0.0151365110373951
0.00313442035035019
-0.0151466703340937
-0.0151597041114341
-0.0151631795343459
0.0031544791627505
-0.0151683505681574
-0.015146454071863
0.00499502397607902
-0.0151714748342056
-0.0151082997362338
-0.0151490283394271
0.0289532471080799
0.00312394923467569
0.00313635238247939
0.00499146102656769
0.00313266441443566
0.0290133514267972
0.00312989437000995
0.00319247585688147
-0.015149953942064
-0.0151616617026292
-0.0151061588947263
0.0289718927683272
0.00312974205615622
-0.015129793075179
0.00312542438571228
-0.0151593575106007
0.0031367710670196
-0.0151604328524274
-0.015163728108963
0.00312517159885952
-0.0140291066998443
0.00499249164575076
-0.0151466054303459
0.00313521096772286
-0.015163588236583
0.00499210755484909
0.0289519403551494
-0.0151715038847024
0.00496990917480448
0.00499277528236921
-0.0151338933241573
-0.0151475886853495
-0.0151605127952152
0.00497199091762125
0.0289713286725875
-0.0151682442938596
0.00313390711526366
-0.0151605891517764
0.00313691904056469
-0.0151604050680495
0.00309881887339374
-0.0151589335292508
0.00313063925626029
0.0289710469265068
-0.0151591218791853
0.00313525521641085
0.00313803088049297
0.00499456291413742
-0.0151507638438408
0.0289415093889004
0.00311322484158167
0.00311565408187426
-0.0151346749588047
-0.0151463876853394
-0.0151610018642021
0.00498919079596761
0.00311446207041709
0.0031386061369204
-0.0151670779948297
-0.0151821605498034
0.00499955134043934
-0.0151523203876605
0.0289713938427587
-0.0151608459352267
-0.0151688691798245
0.0031351828895633
-0.0151630099004417
0.00313360568817401
-0.0151248874233209
-0.0151649680748199
0.00313389808248519
0.00311630897738518
-0.01517249238293
-0.0151623049053562
0.00311559587512145
-0.0151630524724358
-0.0151482010307288
0.00309424156448325
0.00312201052248232
-0.0151622963163772
-0.0151597434002114
-0.014531285429627
-0.0151617419818549
-0.0151614201415938
-0.015162448751187
0.00313584525478532
0.0289778263581826
0.0289654426166243
0.0289469189476844
-0.0151646501029895
0.00311326122342852
-0.0151642923647047
-0.0150989695154094
0.0289701999037545
-0.0151412724618684
-0.0151577568851931
0.00497521725117787
0.00313071583173849
-0.0151738055074874
-0.0151754612554013
0.00320370381161001
0.0289605425755374
0.00497482231556544
-0.0151667422538225
0.0289687837102953
-0.0145163605109202
0.00313289417130987
-0.0151603024869565
0.00312744744413053
0.0289498661339712
0.00499245089646502
0.00313806353817022
0.00311424776782152
0.00314040465050993
-0.015165212946222
-0.0151559293197972
0.00499245925624489
0.0289163459536417
0.00499665441417144
-0.015160244633166
0.0289879012304214
0.00313582353319462
0.00499151732465205
0.00314167617702664
0.00311942590825803
-0.0151484736928102
0.00313206797107204
0.00313268840161565
0.00313702544678662
-0.0151476197900875
-0.0151787304463384
0.00313252491621559
0.00313395011621735
0.0289455991479892
0.0289661711181397
-0.0151390677665353
-0.0151608966509957
-0.0151554943326769
0.0289801305640718
-0.0150961759528707
-0.01515915686074
0.00315637774030196
0.00313983566918346
-0.0151729858290863
0.0289623406639892
-0.0151673395530412
-0.0146008656670645
-0.0151424095148809
0.0289847788116158
-0.0151630820129476
0.00317290554002259
0.00313389800900293
-0.0151700478754038
-0.01515228724112
-0.0151586052632384
0.00499444913982127
0.0049975984664078
0.00499720125469988
-0.0151614255985275
0.00311732293273074
0.00313203100568311
0.00312766688732654
-0.0151591486383094
-0.0150960345366078
-0.0151445749466983
0.0289745106959394
0.00311837249966467
-0.0151682799766222
-0.0151582405011074
0.00313018725789697
0.0289103886731668
-0.0151634072215962
-0.0151646506790702
0.0031327911445258
0.00313544420281108
0.0289826547927689
0.0289639200290177
0.00313054522914286
-0.0151623863864988
-0.0151628819732285
-0.0151607988556357
-0.0151650004586536
-0.0151624203510527
0.00313342387361849
-0.0151664474224288
-0.0151630286996879
-0.0151667557471742
-0.0151563491133886
0.00313519596493678
0.00313829120011516
0.00311497209087461
-0.0151615626517914
0.00313504179181005
0.0030854222658104
-0.0151057995233788
0.0289227165427584
-0.0151446490096712
0.00313715218575358
-0.0151668074133916
0.00314373975878599
-0.0151689040458795
0.0289772542526621
0.00499695832743866
-0.015164319592868
0.0289253833044985
0.0031356091254721
0.0289753064162183
0.0289351847136491
-0.0151135977028306
0.0289600733305896
-0.0151616180911249
-0.0151598774557401
0.00499467071534067
0.00214167844258536
-0.0151615755391703
0.0049907457319128
-0.0151623816425146
0.00313719575740731
-0.0151670667200185
-0.0151749330315685
0.00313257387705738
0.00313152680605739
0.00312981675577799
0.0049957070448121
0.00378560176346123
-0.0151583417575556
0.00315785876670665
-0.0151681568103066
0.00500143300266412
0.00497653785742374
0.00319130575996488
-0.0151637008444172
0.00500050482578444
0.0289623017932334
0.0289124914879169
0.00314389004975779
-0.0151616737543304
-0.0151728819899802
0.0289051778566629
0.00313153699981606
-0.0151598130068067
0.00309822036224166
0.0289203090636569
0.00311952892762651
-0.015058715997447
-0.0151707137166852
0.00499548877290701
0.0284522126199806
-0.0151624820640224
0.028944346195228
0.00313082735501534
-0.0151191419844207
0.00311951376533116
-0.0150979070855207
-0.0151655058431
-0.0150578017198855
-0.0151107987428088
0.0289675477245282
0.00313450678280153
0.00497719572062656
0.00499479716369711
-0.0151629064167193
-0.015166710462726
0.00499646525026965
-0.0151618181445864
-0.0151632027305912
-0.0151759218769598
0.00312879508435127
0.00313748576687827
-0.0151616233172451
0.00313863179398395
0.00313146354123763
-0.0151024726323245
0.00499278758807526
-0.0151640949360469
-0.0151596567042745
-0.0151264387544999
0.00498551886287411
-0.0151653496579918
-0.0151591660785076
0.028971430344578
-0.0151662984841145
-0.0151617604086678
0.00499188364242233
-0.0151627144609787
-0.015163262687552
-0.0151322461483871
-0.0151627039451872
-0.0151734788391946
-0.0151628259936366
-0.0151690538919936
0.00313678950569043
0.00312589148351413
0.0289678791077764
0.00313090415999437
0.00313005074059413
0.00499486259416499
-0.0151654143472195
0.00313397826923117
-0.015162150570693
0.02897095032785
0.0289339670556591
-0.0151649416352518
0.00414067312334828
0.00313067534952777
0.028933083927705
-0.0151633299031325
-0.0151613903844249
0.0289800046532297
0.0289788129177146
0.0289391081507128
-0.0151557518417764
-0.015169384354773
0.0289776975071374
-0.0151609605669869
0.00315623851815869
-0.0151711736720586
0.00313369072936075
0.0289733249016069
0.00312199006590111
0.00499427764452904
0.0031293782816188
-0.0151594732108192
0.00499427661306251
-0.0151556935339233
0.0289451056380401
0.00499407698958907
-0.0151685582272884
0.00499461911206612
-0.0151621341802683
-0.0151584677506468
0.00311222030725159
0.0030725310850496
-0.0151648615554385
0.0289820654431126
-0.0151738700694346
0.0031198692316073
0.00313256033430729
-0.0151390256101656
0.00313319892929311
0.0289648338143698
0.00313102998414761
0.00312866707810322
0.00309456953685487
-0.015144355432396
0.00499208218534013
-0.0151624285262053
0.0289513467453741
0.0289714628672755
0.0289535829407526
0.0049920847964713
0.0289713504697008
-0.0151735933853499
-0.0151766004026348
0.00313430337647654
-0.0151751583437161
0.0289666387442124
-0.0151469210456425
0.00314633114882754
-0.0151624698203743
0.00312556720815972
0.00313302785676275
0.00313111097384943
-0.0151588265193248
0.0289716467097149
-0.0151684352497026
-0.0151264694153791
-0.015162483499802
-0.015165385619525
-0.0151604397833901
0.0289792647921849
0.0289630252045216
0.00499343774470967
0.00499012507759377
0.00499521532861484
0.00315285217561475
0.00313210929021033
0.00311309189100881
-0.0151583453089033
-0.0151459836615118
0.00313057985790452
0.00313892715585163
-0.0151682030865496
-0.0151584765141103
0.00314095862145723
0.00315112206361141
0.00313195142852087
0.00314600011157501
-0.0151495992133766
-0.0151126579892631
-0.0151729820664837
0.00499404909150176
-0.0151677828025992
-0.0151591767187708
0.00313404309126317
0.00313003580506923
0.00313618450777241
-0.0151666252584061
0.00499346054594212
-0.0151631935427597
0.0289580623459327
0.0265102326490218
-0.0151471597027524
0.00501616270774475
-0.0151636037446961
0.0289820036943661
0.00311314091375235
-0.0151416018217824
0.0031313327945735
0.00313529376689357
0.028968111495141
-0.0151167760530627
0.00309046246145277
0.00313330130127618
-0.0151623866895406
-0.0151635873097748
0.00499733562163524
-0.0151584915420963
0.0289501276831353
-0.0151594864947587
0.00311352518427102
0.00313155623988955
-0.0151672148009923
0.0289689175585402
0.00499251750271895
0.0288633386373723
0.0289584065972811
0.00497654268339567
-0.0151611262826519
-0.0151325622783471
-0.0151589891791069
0.00313689724982822
-0.0151642597679387
-0.0150173303886768
-0.0151691381089957
-0.0151631106319904
0.0289365545190951
-0.0138556271024957
-0.0151627659340302
-0.0151605874259784
0.00313217272281705
-0.0151697120075523
-0.0151628487859211
-0.015159625742193
0.00310529939166901
-0.0151506911467506
0.00493300851811151
-0.0151636515953554
-0.0151632617276124
0.00309572641721681
0.00314199758055818
-0.0151576354497065
0.00315258940585782
-0.0151479529959347
0.0289712341624693
-0.0151671769438183
-0.0151496690019826
-0.0151407480510442
-0.0151563151961028
-0.0151657782171745
-0.0151254861481554
0.0289239669437569
0.004993869110907
-0.0151501181278315
0.0049946140643083
0.0289776487896579
0.0289627915566599
0.00313028693410107
-0.0151480797425827
0.00499400409991888
-0.0151628077005243
-0.0151668446031888
0.0289171138956204
0.00499644421914792
-0.0151531476214479
-0.0151466004709262
0.00315478825778811
0.00313919862916162
0.0289157353693294
0.00499622214694517
0.004990168818535
-0.0151629308642473
-0.0151635328591849
-0.0151253852566333
-0.0151607331990889
0.00499340322039838
0.00313328944434606
-0.0151635164762697
-0.0151423776832123
-0.0151648679595347
0.00316283913815943
0.00312652504794104
0.00313380265035287
0.00499452221261715
0.0289119179093082
-0.0151356402066049
0.00499300098763931
0.00305539312055893
-0.0151622956979187
0.0289515334514702
0.00313730844607839
0.00311441498499472
-0.0151634603785339
-0.0151645549197595
0.00311437068843623
0.00315299449500097
0.0289755230253076
0.00499732688264083
-0.015118626143737
-0.0151581594882455
0.0289659601646595
0.00499326509175243
-0.0151633835296223
-0.0151602068959423
0.0289712869377224
0.00499025156650629
-0.0151639186916698
-0.0151446708688889
-0.0151579403966658
0.0031370027362991
0.0289784443463744
0.00499067113365982
0.00313144709272406
0.028969832996655
0.00313605416181914
0.0288696429930298
0.0031385235127421
0.00313659228036648
-0.0151601624934233
-0.0151549624673552
-0.0151634681804595
-0.0151641480904494
-0.0151638588303811
0.0289690610116655
-0.0151603894863985
-0.0151606470028173
-0.0151231899000658
0.00315542641571951
0.00313531604086662
-0.0151585009540364
0.00310835148909491
0.0289861529715527
0.00314215357436476
0.0031361618523478
0.00313359534293268
0.00308251131213734
-0.0151131530459896
-0.0151732015035899
-0.0151428499648787
0.00313204826594232
0.0289895824372971
-0.0151638164024727
0.00313490145402266
0.00313071194731666
-0.0151637984084961
-0.0151617300328927
0.00313514819727051
-0.0151698637135692
0.00313106383278511
0.00495261340293637
-0.0151578912358847
-0.0151316213693585
0.00500157340755138
-0.0151595692967722
0.00311640415746044
0.0289265360633142
-0.0151701767959127
-0.0151658782596076
0.0049926215970955
-0.0151451502349059
0.0289537134622334
-0.015150220793487
-0.0151590104674907
-0.0151638424276633
-0.0151590562932198
0.00313305112516982
0.00313851494700835
0.0289375266828808
0.00313537262310099
0.00318006065853879
-0.0151596204147665
0.0289444711245665
0.00499689484349477
-0.0151268296484522
-0.0151689774515863
-0.0151594713260697
0.00314916285552837
0.0289739035398844
-0.0151596192364877
-0.0151203466853367
-0.0151662599241286
-0.0151595146397921
0.00499154765230525
0.00316242540653702
-0.0151648665739577
-0.0151421695575226
0.0289502762645958
-0.0151574414956229
0.00313378950010942
0.00312851429789918
-0.0151543370146993
0.00317447462063973
0.0288864920067239
0.00313294202556948
0.0289263702798449
-0.0151636405063828
-0.0151661823804306
0.0289146317162234
0.00313590926260223
-0.0151706218737612
-0.0151609373086479
-0.0151640678677812
0.00313112278057432
0.0031346762948445
0.00315127427962229
0.0289458209836464
-0.0151463601855374
0.0289629230853715
0.0289660703333269
-0.0151602603731382
0.00313279958451456
0.00310431045367162
0.00313454024460492
0.00499073925600573
0.00313382964950392
-0.01422060399485
-0.0151624057785138
0.0289415512309463
-0.0151563520727814
-0.0151642516460553
0.00312845794716116
-0.0151442035655328
0.00499345796757936
0.00313170948748334
0.00606683886400538
0.0031495733612204
0.0289778691893154
-0.0151435045052741
0.00499335531245259
-0.0151667722868139
-0.0151146030883163
0.00313082906476269
0.00499489391717144
-0.0151727227177455
-0.01512834608625
-0.0151565859991248
-0.0151648085446413
0.00313178793399218
-0.0151760235442917
-0.0151631916848132
-0.0151481230271706
-0.0151627328299326
0.00497030948466768
0.00499503877761244
-0.0151629660894525
0.00498972317137608
0.00311989036621617
0.00499413090706389
-0.0151233294140641
-0.0151631684647118
-0.0151641100775032
-0.0151640627362013
0.00497610167691596
-0.0151689276618479
-0.015163357486566
-0.015132431909023
-0.0151590084488321
-0.0151608778968366
0.00499388027639348
-0.015167094962973
0.00499928350340884
0.00307939688660277
-0.0151682149821164
0.00313786762474351
0.00271206248948329
-0.0151159481283872
0.0289814683245842
0.00499548642868462
0.0288998917900535
-0.0151584657525092
0.00499159147751084
-0.0151641452946599
0.0289561228607027
-0.0151288435308821
-0.0151814650873066
0.00499499867734917
0.0050252308637616
-0.0151619369374339
0.00499415256969092
-0.0151580999630179
-0.0150978103888056
0.00312990142163935
0.00499398898165394
0.0289741252504339
0.00313454653285331
-0.0151707606104695
-0.0151668421845957
0.00311974258615909
0.00499657709461296
0.00499417291925446
0.00494777424737879
-0.0151623090326356
0.0289582861730691
-0.015142492359893
0.0289482784510923
0.0288604743097112
0.0289022228408359
0.00313111987682273
0.00499077567267484
0.00315715512289942
-0.0151737168004604
0.00312458764347919
0.0049788048344314
0.0031089691712555
0.00313692192861967
0.00499774101821253
0.00312454372056534
0.00313927701220771
-0.0151633112711809
0.0288958947724887
-0.0151593621473663
0.00499338222193045
0.0289525384923924
0.00313132607824154
0.00492375414915769
0.0289215174570381
0.00312651028373998
0.00312651429827567
0.00318882419186321
0.0289764611216847
-0.0151625157261241
0.0289470635129513
0.0289667491362911
-0.0151624186553661
-0.0151652633617985
0.0289359708734578
0.00312723153207676
0.00499044098858802
0.00312274768618611
0.00319350184716662
0.0049942813464188
-0.0151637632872121
-0.015086889578808
0.00506992215054203
0.00499477650036669
0.0289473716318688
-0.0151635394515801
0.028974324744675
0.00313570035750713
-0.0151231833160513
-0.015165577722315
0.0031821504456756
0.00314397479012219
-0.015116540722067
0.00314059666152145
0.00499050209642331
0.00497538827478979
-0.0151335982334493
-0.0151210736221008
0.00499237812206581
-0.0151562715058098
0.0289726034379499
-0.0151630091849816
-0.0151608691165829
0.0289474310527285
-0.0151377835308833
-0.0151625043955014
0.00312990819274701
-0.0151609580082565
0.00313707500303553
-0.0151655676698655
0.028966540441478
0.00313770749465083
0.00313151172871597
-0.0151636203872738
-0.015160880779856
-0.0151680147976474
0.00312801808131153
-0.0151704700876844
-0.0151639631260613
0.00499007649352364
0.0031342313124196
0.0289651476693983
-0.0151631442952647
-0.0151471466477611
-0.0151711365817649
-0.0151621844448643
-0.0151583815091264
0.00499652310239862
0.00499351811462374
0.00501192689329012
-0.0151591573734803
-0.0151581269810828
0.0289358149691605
0.00311753437382961
0.00316886293613977
0.00499759548099337
0.00498868126886673
-0.0151456234675602
-0.015169107933816
-0.0151586136942874
-0.0151577012998211
-0.015171963226854
0.00313203167137001
0.0289383511678506
0.0289184195109557
0.00317520874847228
0.0031332751492664
0.00314146732197343
0.00313140959766614
0.0289699873536464
-0.0151620843633901
0.0289276927294118
0.00313091151058176
0.00498863357948034
-0.0151377368736107
0.00499356188133895
-0.0151605471919224
0.0289675350016527
0.0031351174346848
0.00308349407290061
0.00313355334358921
-0.0151650414555366
0.00505801088699465
0.0289774307681019
-0.0151652261292361
0.0289554217455494
0.00314813229617815
0.00313312255282868
0.00498966397895495
0.00499387886340439
0.00310083943150917
-0.0151593748887412
-0.0151611706225815
0.00312468395355975
0.00499325827488885
0.00498926238227127
-0.0151570535462907
0.00313882733571946
-0.015139410831485
-0.0151228621080804
0.00313403737407123
0.00313935382285224
0.00316483483343721
0.00313343335742742
-0.0151329599760217
-0.0151628685342322
0.0289766903125232
0.00495656213841759
0.0049977470869836
-0.0151172407140289
-0.0151533602905423
0.00499694529694208
0.0049990482545392
-0.0151618600737217
0.0289372928060877
0.00315320055100399
0.00317121361418075
0.00496598057291631
0.00313316448136393
-0.0151496269905882
0.0289260778344663
0.00313592332573675
0.00313029054274566
0.00499754830633114
0.00312338300918784
0.00312736770091371
-0.0151608550097372
-0.0151444641871347
0.00313475720790609
-0.0151563599386128
0.00313530962159771
-0.0151510761698658
0.00315020462513821
0.00312360915399035
-0.0151612096184114
-0.0151681161591885
-0.0151476125166477
-0.0150890746463424
0.00313653102238796
0.00311919493670494
0.0288996587452757
0.0289599271061904
-0.015122310107049
-0.0151642882281785
0.00497464484892015
0.0289697481449916
0.00314980488637517
-0.0151615158877648
0.00314104294767187
0.00311837581579506
0.00499509562683212
-0.0151331821100738
-0.0147008432456963
-0.0151298974837701
-0.0151587113334834
-0.0151498762782237
0.00495236964949571
0.0031410617027438
-0.0151477568122663
0.00499154518818312
-0.0151391507922101
0.00313848616102663
0.0049913383996611
-0.0151672131827434
0.0289433214210107
-0.0151767815757367
0.00311567660835478
0.00499604615313735
0.00313835859311562
-0.0151698974392205
0.00312151294672746
0.028965272286304
-0.0151661824442951
0.0289674777215179
0.00499334935340387
0.00499221870266814
-0.0151426812174394
0.00311059012982884
-0.0151615907156392
0.00315506679126555
0.0289695324083039
0.0289089804271888
0.0031324882843088
0.00313381527471177
0.0289753933523336
0.0289475627362398
0.0289065606286557
0.00313959242750402
-0.0151426619208888
0.00499731991262334
0.00312443582717175
-0.0151286467841175
0.0289483615297762
0.0289183058919722
0.00312782845967928
0.00312617922987683
0.028982692146219
-0.0151599937983511
0.0289661314295184
0.028969299272355
-0.0151748880596023
0.00312997181589315
0.00315818214905183
0.00495113755691547
0.00309508705765724
0.00314525459221189
0.00313338606654046
0.0289762247954874
0.00313505896197794
0.00496092990796513
0.0289624662956208
0.0289536192302193
0.00313388574147389
-0.0151581262398676
-0.0151618563408172
-0.0151277483000848
-0.015083158577655
0.0289595125138505
0.00311883345745019
-0.0151457775878076
0.00312611640668387
0.00318298839137877
0.00318423571923695
0.00499947278772902
-0.0151665052707308
0.0289417752591361
-0.0151703280978211
0.0284291521867889
-0.0151644499881759
0.0289517429265782
-0.0151622362038145
0.0288913623235591
-0.0151623321341864
0.0289743554185069
0.00495957424964666
0.0289037851639338
-0.0151664226566069
-0.0151536252552727
0.0289641421383155
0.0289599247094579
-0.015138621519027
0.0289736566041016
-0.0151528528930051
0.00313238346091799
0.00499589438800124
0.00497122171606651
0.0289091621511848
-0.0151548194856455
0.00499584861066451
0.0289293640144421
-0.0151486173301222
0.00312296266033806
0.0289301569484508
0.00311746633740401
-0.0151610401434206
0.00313211704914106
0.0289501890751396
0.00313229708589188
-0.0151159681491415
-0.0151564331587476
0.00313625459014944
0.0289053894268139
-0.0151183426058645
0.0283115381609832
-0.0151369108599851
-0.0151497933748439
0.00320068767985255
0.00499997606511277
0.00311840883797057
-0.0151103087934774
-0.0151610676483374
0.00313501910088856
-0.0151556794576449
0.00307394310087078
0.0289420370597849
-0.0151626889186063
0.0289477521537627
0.00314277120851288
0.00320640903247362
0.00316470062697049
0.0289427594525756
0.00503648678355971
-0.0151644791919063
0.00498266558423649
0.00313707805830199
-0.0151652035397402
0.0289368049936394
0.00313393923087245
0.028939777344776
-0.0150938758716589
0.00499255912427768
-0.0151584835380497
-0.0151593963829106
0.00499008506435791
0.00313367486778425
0.0289753798225355
0.0289140007890751
-0.0151646029040145
-0.0151656529490584
-0.0151698724321197
-0.0151511052429821
0.0049897572132931
0.00312497681777458
-0.015163626269028
0.0289742386896755
-0.0151627443422377
0.0049908377633082
-0.0151691801037599
0.00499493403786926
0.0289580141924239
-0.0151635360518258
0.00316347519550391
-0.0151651297383883
0.00499581002706524
0.0289495246124518
0.0289786642564509
0.00315531886285187
-0.0151626382242038
-0.0151637836232274
0.0289712293748911
-0.0151608572555234
0.00313979953103491
-0.0151634720592224
-0.0151610304929422
-0.0151224385225719
-0.0145693013126738
0.00310966803882509
-0.0151656792374187
0.00500300606080757
0.0031452427385793
-0.0151439451339476
-0.0151571400712868
0.00311462771218804
-0.0151599680035542
0.00499457440521739
0.0289667586325399
0.0050472461342954
-0.0151689909537538
0.00312105280612319
0.00314424920426011
0.0289479589321829
-0.0151065173502273
0.0289739677648127
0.00314459729551782
-0.0151687615387999
0.00313525729991236
0.0289795623385741
-0.0151577786985217
-0.0151631241744302
-0.0151585834173658
0.00311571699712838
0.0289123100551542
-0.0151640061254392
-0.0151218569159996
0.0289342293491796
0.0289626113019423
-0.0151738680857456
0.0049950061468721
0.0289407487710991
0.00313439775149114
0.00313190861110574
-0.015139504753572
0.0031315257431854
0.0289668532988599
-0.0151625619252742
0.00496979185091254
-0.015119184830332
-0.015163963589019
-0.015164062945063
0.00312418675457215
0.0289262269905102
-0.015127402324451
-0.0151618534905051
0.00313710721839821
-0.015157604630837
-0.0151678830187091
0.00309229253132142
-0.0151438747028861
-0.0151783201437513
-0.0151640226135709
-0.0151637863839114
-0.0151606612025558
-0.015117191049656
-0.0151063833170894
-0.0151603867739068
0.0289973570121656
-0.0151660105127668
0.00311828633098952
-0.0151194702586661
-0.0151642482792498
-0.0151599342514173
0.00499356270590886
-0.0151497655724957
0.00499039522342183
0.00313300001506827
0.00313215426214661
-0.0151383823466955
-0.0150929878717133
-0.0151247576622129
0.00313616128299918
-0.0151657066297662
0.0289909063761467
0.0289136795806143
0.0289668228573388
0.02897546522537
-0.0151611358342326
0.0289608385392001
0.00314499503483148
0.00312103416791595
0.00498206980259346
0.0289755220723558
0.00499307717194899
0.0289663498837968
0.00499858594944044
-0.0151248680629806
0.0289504279405519
-0.0151306212521182
0.028976109901989
-0.0151521317381379
-0.0151662488795734
0.0289557142238267
0.00314962263915213
-0.0151829335837317
0.00230023993029592
0.00313028702766971
0.00313845542027093
-0.0151629106578725
0.00313581393090323
-0.0151653856747741
0.00313797708552906
-0.0151727590376947
0.0049908357667957
0.00313042963207508
-0.0151743511107982
0.00314485467610758
0.00496640135556731
-0.0151666777468889
0.0289184463408598
-0.0151631829979488
-0.0151585554804564
0.028824465951741
-0.0151394585833658
-0.0151483205885768
-0.0151445538164226
-0.0151615253039228
0.00310823120514721
0.00313841646550972
0.0278461158160529
-0.0151228357207806
0.00310853771536541
0.00499596578479098
0.0289378155002171
-0.0151613196225899
-0.0151467777189397
0.003135772512556
-0.0151566631878978
-0.0151638398788975
-0.0151614449490525
-0.0151674150171327
0.00499650840423242
0.0049893685489252
0.00494353611537842
0.00313438218157076
0.0289646635012347
0.00504259688869228
0.00313833724249886
-0.0151422433135861
0.00499244422160974
0.00499463650008044
0.00313461210339255
0.00496337963687869
0.00313024948230282
0.00313263108769992
0.00312101528641649
-0.0151688686976058
-0.01516724096713
0.00313239178482089
0.0289803127220909
0.004999000457731
0.00498743115889327
-0.0151627131681577
0.00499099413770915
-0.015117741629198
-0.0151428496480975
0.028913191524327
0.00313684862150202
0.00310954270248734
0.00499354453533725
0.00313546862938942
-0.0151495314043859
0.00499620677768538
0.00310872717718278
0.00312630284954322
0.00313302230648735
0.00312317171039109
0.00313328387216016
0.00499590585588666
-0.0151611898785761
-0.0151594528791324
0.0289783254397015
0.00311479580677609
-0.0151694024850865
0.00316073582905337
-0.0151651955238809
-0.0151570381045945
-0.0151102955482736
0.0289769598216839
0.00313655872700364
0.00316140360791312
-0.0150876097458247
0.00499630561323941
-0.0151653703665279
0.00313546945531962
0.00501382481319772
0.00314812168136563
0.0031336265900552
-0.015163859658882
0.00314391796597064
-0.0151624411153805
-0.0151710384600327
0.00499412658695792
0.00310197241697676
-0.0151349788836312
0.00313019214455147
0.0049608721767617
0.00313887937308839
-0.015161369534618
0.0289643330736543
-0.0151613908622675
0.00310282413052172
0.00313086486639589
0.0289197580176052
-0.0151744341746827
-0.0151500516618931
0.028979492750289
0.0049898862762593
-0.0151630459381915
0.00502248920164862
0.0031337424867484
-0.0151600206542709
0.00313187721258369
-0.0151620726833754
-0.0151431778664242
0.0289833139908545
0.00313366671701648
0.0031521999023466
0.0289654805185919
0.00311873399650952
-0.0151592476886961
-0.0151627887138592
-0.0151672568875623
0.00499380942393135
-0.0151482624944861
0.00311855677718809
-0.015147888347101
-0.0151185757099797
0.0289696695617723
0.0049880278273091
0.0030791660259486
-0.0151580894162433
-0.0151578927661988
0.0031751388159253
-0.0151512385080259
0.00312421391951998
-0.0151633004854558
0.00314341149476597
0.00499193007905357
-0.0151608243683193
0.00312859379368472
0.00313223644893457
-0.0151435635140712
0.0288327311684303
-0.0151651647585323
0.00397264070815457
0.00313707429032147
0.00499397238074905
0.00499272789372489
-0.0151736976045422
-0.0151688661199654
-0.0151469615911303
0.00314010192492748
-0.0151421692161652
0.0289774467345876
-0.0151358026405133
0.00499547301627514
-0.0151693184518429
-0.0151571934878446
-0.0151629465387321
0.00499300486012924
-0.0151674816770514
0.00309990703993193
0.00313161616174952
0.00499064122971895
-0.0151649862818163
0.00312891407235842
-0.0151290173930215
0.0031359849477869
0.00312622784627296
0.00310613041724838
0.0289671215837255
0.00313288084918961
0.00313337429666165
0.00499931449117104
0.0289757864391876
0.00314383634424813
-0.0151614617981987
0.0289307183220156
0.0289698767641091
-0.0151337467783306
-0.0151164419058677
-0.0151616917218809
0.0289681437886973
0.00499252327633568
0.0031335779587023
0.00312243502422123
-0.0151595947563742
-0.0151745590439532
-0.0151294262801774
-0.0151672182597569
-0.0151655885497375
-0.0150766031010861
0.00313280590340219
0.00496568036139248
0.00313904627008184
0.0289514849937093
-0.0151560301747497
-0.0151275077243533
0.0049664447445638
-0.0151628366153543
-0.0151654427020358
0.0289877979872264
0.0289311091994019
-0.0151603888763308
-0.0151371102947835
-0.0151643564303123
0.0289633705033271
0.00314128591317559
-0.0151611291011966
-0.0151391378538316
-0.0151579032483351
0.00313462149340117
0.00313707585530144
-0.0151480804680299
-0.0151569179039735
0.00499289344776286
0.00499225051922172
0.00311793735672984
0.00315698954185182
0.00495491257550522
0.00313090770452609
-0.0151497108595242
0.00315069540671163
0.0031319159035639
-0.0151576919863822
-0.0151662073289915
0.0289741614609836
-0.0151588141701574
0.0289674477090003
0.00499851428331421
-0.0151289189723277
-0.0151632157398044
-0.0151617038383858
0.00315520717726617
0.0289051835994669
0.00369963914066459
0.00313310811270941
0.00499170448312262
-0.0151433095068521
-0.0151466409756275
0.00313267443567532
-0.0151070572350055
-0.0151683084956214
0.00308524616966682
-0.0151631231378904
0.00312535463331159
-0.0151717732871552
0.00310266863322692
0.0289777980846234
0.00499274597943301
-0.0151658398568021
0.00496390348784678
0.0289713491043494
0.0289368424415179
0.0031306550354022
0.0289301248178903
0.00313179138612024
0.00312253118455317
0.00313405399099292
0.00499380446362553
0.00313236908599816
0.0289378773195726
0.00312256605128557
0.00501997258506084
0.0289331685346579
0.00308931193156662
0.00313484393990286
0.0289636868601973
-0.0151673917565824
0.00313803620708554
-0.0151428169202709
0.00497539052195971
0.00499540541738312
0.0289887860377413
0.0289250034008352
0.0289451859265743
0.0289794779774025
-0.0151589517164236
-0.0151788256507945
0.00311317550368303
-0.0151654810263469
0.00315807329606844
-0.0151579266988265
0.00497749899581226
0.00313085175936621
-0.0151648674792275
-0.0151595707184387
-0.0151615579398725
0.0049946158055464
0.00501983941610863
0.00499314772510691
0.00311157234946399
0.00317749834681737
-0.01516106572125
0.00499382796263684
-0.0151589687940821
0.0289664728981677
-0.0151604492718685
-0.0151618987050819
-0.015160951760943
0.0289672795783403
-0.0151750650113952
-0.0151595511340537
-0.0151658975459912
0.00499295994619455
-0.0151745563965361
0.00499263939068946
-0.0151591539969865
0.0289540546742714
-0.0151657869815493
-0.01513804938829
-0.0151564365622333
-0.0151642240010789
0.00314546144029682
0.00308999690211488
-0.0151643957143519
0.0031306809958386
0.00310033044713484
-0.015170493530338
-0.0150338914751007
0.0289638220489254
0.0289626156084271
0.00313079989479842
0.00313034183388903
0.0289543875186193
0.00316563274802614
0.0289118115822571
-0.0151563991894142
-0.0151439827222052
0.00312880191050119
0.00311464464598667
-0.015124534363467
-0.0151659249872238
-0.0151436415346567
0.00310162223249741
0.0287933612270147
0.00311947815732398
-0.0151608297752304
0.00499608356245204
0.00310836661903123
0.00311722151206133
0.00497631035573471
-0.0151404026519519
-0.0151321112528843
-0.015142547386492
0.00501599365358124
0.00313294262513993
0.00499452552736978
0.00503123293510867
0.00502221852680003
-0.01514071406919
-0.0151335568687392
0.00499833846236113
-0.0151066071892316
0.0289625724938039
-0.0151675353970443
-0.0151620036870843
0.00499345924205073
0.00498983858849709
-0.0151476250680662
0.00313056047649849
0.00313015130669963
0.00313792220459361
0.00499325181986543
0.00313439490500229
-0.0151631009452774
0.00499403520063908
0.00312502424480008
0.00312697692321205
0.00312732135358528
0.0289376142717542
0.00313478392808119
0.00499425365538488
0.00313283506411557
0.003132439503151
0.00499499598984488
-0.0151437595352026
0.00311461527517259
-0.0151279287871808
-0.0151650214153701
0.00499442088324358
-0.0151641582875614
-0.01512503786962
-0.0151276465357563
-0.0151787487408922
0.00311608664364874
-0.0151298947577648
0.00499613654820601
0.00313887346947551
0.00312145468072825
-0.015176025680171
0.028968671989557
0.00499493700103232
-0.0151639986316749
0.0031302934148947
0.00499590467405942
0.00279099725786432
-0.0151640142414463
-0.0151646741265495
0.00311294855412815
0.00499330774618811
0.00496576944697461
-0.0151663551502051
0.0289430086634032
0.0031295862021998
-0.0151594669362653
-0.0151599988106407
0.0289663711834538
-0.015117887963927
-0.0151599339102788
-0.0151661620094919
-0.0151691331708785
-0.0151679676890192
0.0049643048391836
0.0031337522436371
0.00498975003930122
0.0289698659031191
0.00313472899500787
-0.0151655854006231
-0.0151641800569259
0.00312213050942569
0.00499478885482323
-0.0151378797730967
-0.0151438581112812
0.0289723787971021
0.0289732950189868
0.00313446136148312
0.00499586475551754
0.00313069392500867
0.0289834097450748
0.00312721896240242
-0.0151297802202654
0.00499559507167633
-0.0151569830292814
0.00500415090042913
0.00314234064781086
0.00495649506400479
-0.0151615513753957
0.00499914454638234
0.00313113155298618
0.00499116259783289
-0.0151496482883707
0.00317874231407514
0.00499411599257434
-0.0151043460894363
-0.0151884713509773
-0.0151406395359745
0.0289387048844963
-0.0151615993922807
-0.0151390136572998
0.00313562049357928
-0.0151672248335034
0.00313586948298516
-0.0151577995382603
0.00313145975446174
-0.0151618663390496
0.0289752476148782
0.0289435136459419
0.00313214220877627
0.0031278885760832
0.00313531444393136
-0.015139341986374
0.0289481044865997
-0.0151612579317476
0.0289695009648013
0.0289590545916171
-0.0151706440582573
0.00313384461575436
-0.015155718019174
0.00310148159743014
-0.0151585932854647
-0.0151486612168084
0.00313525161473497
-0.0151597107527349
0.00496334094783719
0.00310365077734597
-0.0151851284580469
0.00313613783455776
-0.0140959203824403
0.00499317145218966
0.0289682433425195
0.00313027993092513
-0.0151587308352089
0.00313139673545762
0.00312048280731104
-0.0151590972660906
-0.015163540542248
0.0289615328674733
-0.0151497917531712
-0.0151639755931796
-0.0151577928243729
-0.0151454422495198
-0.0151711832848309
0.00313275701518872
-0.0151324706521117
-0.0151590248389656
0.0289716802784213
0.00497279956423295
-0.0151357231492107
-0.0151639531473211
0.00503291256077879
0.00313810629202248
0.00499761524313809
-0.0151321483156136
-0.0151696843704502
0.00496491138088073
0.00312560511001852
0.00314283226600574
0.00312947866689686
0.00311464578577783
0.028983370160698
0.0289670430354644
-0.015170716253235
0.00503828771478875
-0.0151626007262384
0.00313816934257708
-0.0151608961029098
0.0289712586674692
-0.0151637111762043
0.00499628208583338
0.0049954515431453
0.0031434916936815
0.00313127799665531
0.00313313192618299
0.00307378766878764
0.00499683196207352
-0.0151660064385737
-0.0151693779230864
0.00497262372654276
0.00499525975251856
0.00315787769568051
-0.0151670116174426
-0.0151066010513045
0.00499404358825538
0.0289486972880124
-0.0151624054678359
0.00315571887235007
0.00313532767086983
0.00499840972827038
0.00496446503686786
0.00504263068644598
0.00237269335718819
0.00499687163456027
-0.0151392314468448
-0.0151440484607492
0.0289570270729702
-0.015171865341264
-0.0151411685474952
0.0289862517671176
0.0289857835450457
0.00499611288783762
0.028934013415256
-0.0151331262239491
0.0289291236258842
-0.0151247074025628
-0.0151600922623548
-0.0151581395439686
-0.0151659947158834
0.00499606056930106
-0.0151602780917789
0.00497674328575815
0.0289396480375986
-0.0151591381767613
-0.0151562190199071
-0.0151580339559285
0.0289686325407958
-0.0151075132109375
0.0289471447988484
0.00313367321202395
0.00313380605860136
0.00498889225707166
0.0289704162480428
0.0288757730808267
-0.0151580605945819
0.00313137581555227
0.00498812023817566
0.00313055747278986
-0.0151589977611477
0.00312030223758232
0.00312440805769013
-0.015164213107603
0.0289692757017303
0.00499397823802521
-0.0151431490903985
0.00312674991181451
0.00313170263055294
-0.0151754657679115
-0.0151669714200289
0.00496910124282464
0.00313382248920623
-0.015163234509968
-0.0151637984554854
-0.0151562698650161
0.00312022734913441
0.0289675680649819
-0.0151273688882238
-0.0151597146739211
-0.0151678594155654
0.0289621852581947
-0.015161405084884
0.00311992223195013
0.00308351878330491
0.00313187388921139
-0.0151424767987376
0.0289921784878346
-0.0151628093315675
0.00499458877998379
0.0031174732782041
-0.015162884516576
0.00316089966988934
-0.0150978625268855
0.00307670705599313
-0.015094548614771
-0.0151458539836632
-0.0151608331711363
0.00313077779584158
0.00499398268746121
0.00313287442875843
0.00499165286200252
0.00500132249856432
-0.0151604100719529
0.00312969495868739
0.0289700464374047
-0.0151634079631767
-0.0151680026341241
-0.0151416195706555
0.00312054398539777
0.00499486335630758
0.00315378728629186
-0.0151174737681656
-0.0151631392906079
0.00311192570627341
-0.01515920167843
0.00315413652261428
-0.0151693730907872
0.00494431851712885
0.00499093327121264
0.00311821278737918
-0.0151632947666941
0.00313473013342555
-0.0151612239810439
-0.0151631366987194
-0.0151689251606527
-0.0151857172673509
-0.0151608356719723
-0.0151677389367466
-0.0151578829171135
0.00313629264029601
0.00315402841030491
0.00313653460846016
0.00492637555893802
-0.0151238931145599
-0.015167638259055
0.00315866001955025
0.00319735509542129
-0.0151481833349179
0.00499228779715616
-0.0151191500608755
-0.0151286419880764
-0.0151745111898036
-0.0151613130604959
0.00312780487903011
-0.0151668655607588
0.00312070964490703
0.0289694843557267
0.00381611317559001
0.00499142772712552
-0.0151491749923622
-0.0151635198314844
0.00313408668171621
0.0049978133728928
0.00499237159239646
-0.0151302042720209
0.00501416838751478
0.00315905607073572
-0.0151599698850924
-0.015174857115391
0.00313389613113631
0.00499729422321375
0.00313938458437826
-0.0151587470101528
-0.0151402321094385
0.0289008574694317
0.0289568312061751
0.00313822969599794
0.0289749191715054
-0.0151576375864088
0.00312857822519408
0.00312163115059396
-0.0151593423283169
-0.0151620316534252
0.00499060286925921
0.00499413265409489
0.0031822209842499
-0.0151140491299732
0.00497932725311354
-0.0151315761370357
0.0289249908894061
0.00313538492551715
0.00499327673333188
0.00313464473675942
-0.0151615387771689
0.00310920146884961
-0.0151627322059613
0.00311123693950923
0.0031371691426107
0.00499731858568475
-0.0151572150292369
-0.0151512322113548
0.0289641083358092
0.00314108903856597
0.00312126549452267
0.00312059479980234
0.00315981157902359
0.00313671618684543
0.00314692315914436
0.00499735551963214
0.00313477933701471
0.0289657060398921
-0.015161630213348
-0.015158993423907
-0.0151629321760256
0.0289680613837019
0.00312222837698916
-0.0151724534611369
0.00313865581524368
0.00313283964780928
0.00313438334488207
-0.0151704064072385
-0.0151648497814013
-0.0151614159134885
0.00313020418975348
0.028939015066205
-0.0151469119421999
-0.0151272416621381
0.00313080724710186
-0.0151542735227747
0.0289350860626253
0.00499601771384535
0.0289319335540288
-0.0151613779145692
-0.0151646995945569
0.00499871245530081
-0.0151464709555392
0.00312720295290162
-0.0151675833058455
-0.015160812975475
0.0031367001519274
-0.015162634448601
-0.0151399285361595
0.0031338484319717
-0.0151588133515739
0.00315936023996141
-0.0151630543903083
0.0049443692174334
0.00313435009438147
0.028929126122353
-0.0151625916375249
0.0290006387936234
0.00494916703096599
0.00313170063166794
0.0289605393284958
-0.0151653810957587
0.00436408490781736
0.00314544847218431
-0.0151033307304001
-0.015166759081657
0.00313912596271761
-0.0151285386674193
-0.0151109790714767
0.00309880775176411
-0.0151444747141792
-0.0151617320985744
0.0289811145344443
0.00499119264326166
-0.0151640775667074
-0.0151196738444914
0.0049959539265878
0.0289656698303459
0.00315097016125867
-0.0151490327470341
-0.0151693327281774
0.00498687196384171
-0.0151599141833561
0.00313627190796614
0.00497949695271455
0.00499428812963433
-0.0151274088759635
0.0282647777484238
0.0289728566732117
0.00499551699736717
0.00313779478103051
0.0289499851633707
0.00313723346218309
0.00312801815482512
0.00313486059129527
-0.0151604545273073
-0.0151342885988871
0.0031330673104464
-0.0151593790384195
0.00310763786106059
-0.0151605795232817
0.00314208133720535
0.0289718207568984
-0.0151636006532637
0.00317368244177073
0.00313260788262695
0.00313245976138106
0.0289703930152665
0.00313357150684111
0.00499212758255865
-0.0151598165192586
-0.0151431942176501
0.00497121974248315
0.0288688371647868
-0.0151581872249312
-0.0151221176560798
0.00313152226812972
0.00499551139654701
0.00312129843982992
0.00499970112520696
0.00313187206680941
-0.0151682543810573
0.00499164982800167
-0.0151608139864807
0.0289780450971463
-0.0151302646475337
0.00496827332697748
0.0289744082310708
-0.0151520021103747
0.0289616885824445
-0.0151563940015419
-0.0151665543621711
-0.0151630982230056
-0.0151568599866645
0.00315368315144472
0.00499372002629636
-0.0151565122897555
0.00499321206997422
0.02896305525452
0.0289694792712931
-0.0151573985121839
-0.0151613210612051
0.00499460070175891
0.00499241407372437
0.00315316795308055
-0.0151628374028978
-0.0151476130265488
0.00313419829550204
-0.0151659162507773
-0.0151667559728623
0.00308222005314546
0.00314303803218366
-0.0151658537930212
-0.0151637815558829
0.00499964897083238
-0.0151680381104273
-0.0151612542036936
-0.0151420755386431
0.00313157431048228
0.00313893463201857
-0.0151628133075872
-0.0151657092463513
0.0289348747872915
0.0049991310014661
0.0289585311531492
0.0289206363304281
-0.0151604883242935
0.0289597973954064
0.00313096772915064
-0.0151130996891907
0.0289672370246894
0.00264460103745299
0.0288756752530081
0.00499086401084684
0.0031310564826051
0.0288963349686003
0.00313646148587673
0.00311220759282352
-0.0141199518474373
-0.0151584786536142
-0.0151640401879174
0.0289699408723879
0.00313434300741779
-0.0151588365207127
0.0275120862574494
0.00499089695415717
-0.0151631220109845
-0.0151434475759243
0.00313806316897491
-0.0151735574698241
-0.0151570040960718
-0.015125530486261
-0.0151564695366448
0.00499394944762726
0.00499794659625151
-0.015171775782457
-0.0151614649875891
-0.0151718518467662
0.0289797167175923
0.00312968087875552
-0.0151639555974622
-0.0151385388680404
0.00497486468740254
0.00313509204267829
-0.0151278192956004
0.00312786962823667
0.00499577175876323
0.0289631511097735
0.00314651015975962
-0.0151241920244815
-0.0151601558866895
0.00317573882199009
0.0289642676465566
-0.0151452481141615
-0.0151455894734489
-0.0151220196454741
0.00313876485051391
0.0049687926567398
-0.0151623968598847
-0.0151190690564051
0.00311383230694433
-0.0151037727132926
0.00316300282224048
0.00498855736304692
0.00315009454636103
0.00313626313186072
0.00499662151847409
0.00381629984318194
0.028973070378387
0.00496689034445761
0.0289509447775434
0.00310717250279916
-0.0151646727857922
0.00313484688324495
0.00499658168761447
0.00499619888435339
-0.0151648779905699
0.00313529254042787
0.00313493628589076
0.00499628958162826
0.00312403104012374
0.00313498868802219
0.00313349595861852
-0.0151278585210876
0.00314014467157562
0.0289619232805694
0.00310877226646783
0.00497359017878763
-0.0151609197146235
0.00313004958076156
-0.0151543946991013
-0.0151564410427277
0.0289649967724879
-0.015161874265823
0.0031386096662387
0.00313417107896091
-0.0151709963073708
0.028966064903857
-0.0151614481372278
-0.0151376981988256
-0.0151574713010436
0.0282756217561467
-0.0151395993100894
0.00499254297474505
0.00313740756450761
-0.0151671114863762
-0.0151657611658455
-0.0151650887846093
-0.0151760929780463
0.00499470526809701
0.00315699092683129
0.00313847529998525
0.0289743943717823
0.00309515654652487
0.0289478736644892
-0.0150878049505267
-0.0151243269994749
-0.0151308102457333
0.00499654655207606
-0.0151674029241566
0.00316137631655432
-0.0151283279327745
0.0049616924649719
-0.0151573049281438
-0.0151574461196249
0.00313076149617529
0.00499178811341988
0.028955463011111
0.02890589049079
-0.0151692862982828
0.00496392233644863
-0.0151646881772259
0.00496907113876692
0.00312882890127502
-0.0151616295935759
0.00311141803578661
0.00499767748757855
-0.0151662863333859
-0.0151657720765201
0.00499916293272208
0.0289660408940699
0.00499673658657129
-0.0151304678621413
-0.0151593224784756
0.00497234743341806
-0.0151456926427878
0.00499149884393678
0.00312859639265556
0.0289689912248722
0.00499475089083344
0.00313168400228622
-0.0151594576263378
0.00498980070195906
0.00496804486913143
0.00499143343481148
-0.0151490645978526
0.00499428605484428
-0.0151593161142302
-0.0151675420395455
-0.0151679880678264
-0.0151475750428095
0.0289673908238125
-0.0151439296161753
0.00313226288725471
0.00314701097539965
-0.0151436736462073
0.00499373294509349
0.0289334179139689
-0.0151386080255274
0.0049586959359185
0.0288965237547576
-0.0151283124639041
-0.0151245483761382
-0.0151613261932717
-0.0151469581632456
-0.0151453983760612
-0.015149822965751
-0.0151595281577424
-0.0151601824877731
-0.0151661210558617
0.00313524917264058
-0.0151589891072903
-0.0150984221436717
0.0289534573556571
-0.0151691185014686
0.00313652390733452
0.0289686241779863
0.00312284167466225
-0.0151564773624922
0.004991923082599
-0.0151669499657466
0.00310697519916875
-0.0151410503908664
0.00311584058929913
0.00311944170007464
-0.0151704934375873
0.028966863019567
0.0289397558883418
0.0289288199422759
0.0288747708503546
-0.015163015053827
0.00499149956909987
-0.0151602138952303
-0.0151302964735001
0.0031334325306061
0.0289390447315015
0.0289631344244205
0.00499962735532712
-0.0151689242496493
0.0289681130031206
0.00315935907324589
0.0288063770384342
0.00459556097289045
-0.0151615709201957
-0.0151622422673004
0.0289678403042116
0.00313627695204687
0.00499328187943802
0.00498847594995326
0.00311678357451764
-0.0151608858051873
0.0289717953701359
0.00496346019720906
0.00313655012121477
0.00499005001591827
-0.015143241036741
-0.0151271678896068
-0.0151457508844606
0.00313688874837281
-0.0151720821215123
-0.0151619886386225
-0.0151452359765005
-0.0151645299539602
0.00500169582115628
-0.0151403474100107
-0.0151649906618215
0.00498984335154237
-0.0151752095953574
0.00311756313390137
0.0289739099096478
0.00313828572045869
0.00313356810840361
-0.0151563777168729
-0.0151591973110056
-0.0151257758229933
-0.0151587240868046
0.0031313608507579
0.00307827015816902
0.00311508007261168
-0.0151440080033508
-0.0151574949906128
0.00313394566774485
-0.0151646443026191
0.00497986022540729
0.00317947078740788
0.0289753066805239
0.00310312166547317
0.00316731410338265
-0.0151642629299492
0.0049894993370877
-0.0151640015895952
0.00313291904448072
0.00314033347542196
-0.0151489654663243
0.00312847129984112
0.00499707900457162
-0.0151490946855508
0.0289532204830363
0.00311747582556764
-0.0151624400221602
0.00497166614649291
0.0289625410784976
0.0289710896667563
0.0288810508292129
0.00313023643706734
-0.0151646345811963
0.0289638726283362
0.00313091030120708
-0.0151250421829704
0.00315281494116777
-0.0151573179858839
0.0049584339947042
-0.0151606639477591
-0.015159631832279
0.0289881154518291
0.0049926871924294
-0.0151689095103207
0.00312304219137339
-0.0151764672596234
-0.0151613744625409
0.0288176186281267
0.00316700407473369
-0.015165115669297
0.00313294345522049
0.00314254761380673
0.00316367781340841
-0.0151447857224396
0.00314037167165416
0.0289729441937282
0.00499514754589302
-0.0151637645743123
0.0049999985914221
-0.0150996557258094
0.0289669508184431
0.00314816530089147
-0.0151606823204962
0.0289690375363248
-0.0151142263839059
0.00499040997919832
0.00498713392940518
0.00312677384305942
-0.0151356938899046
-0.0151614345153624
-0.0151619999031145
-0.0151640687100288
-0.0151520981822202
0.0289217464061689
0.00318502761903553
0.0049884971324144
0.00499668025055148
0.00499647540320785
0.00313854524352542
0.00497044248027042
0.0049913629959575
-0.0151633053502388
-0.0151603234465726
0.0031175147531759
-0.0151703989927808
-0.0151675788189829
0.00499524602363726
-0.0151140584256344
-0.0151643574426376
0.00313626787984498
0.00499379217551829
-0.0151441249492596
0.00310299585944926
0.00306992427352831
0.0289809463990506
0.00313654007355369
-0.0151487958000011
0.00306794122994688
0.00497118032608039
0.0030901959365835
0.00313258876784273
-0.0151256428000845
-0.0151556470940251
0.004991826448917
0.00311450699535333
0.00312897759264609
0.0289768795133614
-0.0151369103061075
0.0289666355819763
-0.0151595277475012
0.00499178989490606
0.00313145947495092
0.00314068752742341
-0.0151648585874068
0.00311079617027222
-0.0151639980041473
0.00322119330861323
-0.0151665206579868
-0.0151589745353494
-0.0151644112242754
0.0289608531954488
-0.0151626307896791
0.00310118239054167
-0.0151386928122654
0.00313011152992295
0.0031313215483475
-0.01513106350528
-0.0151260471871487
-0.0151565052487653
-0.0151663828992263
0.00314189649583386
-0.0151769201586791
-0.0145892131404133
0.00500881231563034
0.00499288540280579
-0.0151467523709728
0.00313705162541119
0.00500109670283412
0.00311619170824925
0.0031713465740933
0.00308531733385417
-0.0151609443875544
0.0289110369449639
0.00499361940048924
0.0289721835579245
-0.0151582076474804
-0.0151506656617418
-0.0151446801752098
0.00313810803253466
0.0289169797487365
-0.0146123378151152
0.004992127891091
-0.0151570595818492
0.0288874795478474
-0.0151213513275774
0.00313160410692405
0.00311891264532549
-0.0151634391178675
0.00310802483427894
-0.0151215739935389
0.0289515791699535
0.00501022302975984
0.00499417759178482
-0.015160241265294
0.00499166064907349
0.00499020467467228
0.00313524556099177
0.028955290339708
-0.0151653491348795
0.0049916268209509
0.00317508123465612
-0.0151260681435892
0.028953525301006
-0.0151592691556651
0.00313598071746016
0.0289614421589024
0.00313402134655663
0.0031402351498836
0.0289592404197763
-0.0151136008980181
0.0289279476888392
-0.0151598772318151
0.0289615996648611
0.00315385888025833
-0.0151597453532745
0.00306495355226752
0.0289687440901071
0.0289873473770256
-0.0151630058473123
-0.0151701946648943
0.00499057934652517
-0.0151417251925892
0.00501647815228986
0.00311348821124473
0.0289766931854869
-0.0151464311258741
0.0031294070728847
-0.0151580059202938
-0.0151587930740304
-0.0151508959588344
-0.015162467623865
0.00313612311139512
-0.0151625022456965
0.0289447056885966
0.00499464151702325
0.00495887565739808
-0.0151645192426629
-0.015160368267788
0.00313182710347778
0.00314083207973501
-0.0151293092418546
0.0031366183110457
0.0289636561368272
-0.0151398352220338
0.00313186887240295
0.0289406071526043
-0.0151349192095067
-0.0151334238067639
0.0289618426514612
0.0289355864394184
0.00313163649886385
-0.0151607435871105
-0.0151610497923313
0.0289603022206797
0.00315536672572954
-0.0151560426784286
0.00499765193688183
-0.0151352190958022
0.00499197849899937
0.00499488754003941
0.00314311069681673
-0.0151664632836872
0.00499949195277481
0.00311218594031027
-0.0151642569461878
-0.0151664844835561
-0.0151643138699907
-0.0151678392872931
-0.0151675426166718
0.00313038157822161
-0.0151631339861296
-0.0151424982454167
0.00312920274429207
-0.0151442630612106
0.00494368803181896
0.00313505990588892
-0.0151582136114319
-0.0151623568144768
-0.0151673704712996
-0.0151639659916853
-0.0151485673566956
0.00313290937186773
0.0289830897359634
-0.0150979757379648
-0.0151714269656877
0.00313485193925118
-0.0151613837691383
-0.0151608156469445
0.00499676049909548
0.00313561500237866
0.00499471008643704
0.00313812409565836
-0.015163421052067
-0.0151138028706371
0.00314734256012063
0.00312571311947203
0.00499369039401142
0.00313370147462922
0.00313669978487193
0.0289647722936486
-0.0151463831288531
0.00313456835749832
0.0289714495733768
0.00313561168904972
-0.0151617407670344
0.00318488783635617
0.0289648202487896
-0.0151649954258185
-0.0151653409016823
0.00313221007584466
0.0289585425687293
0.00313117679616006
-0.0151313821996046
-0.0151565806589749
-0.0151672601019287
0.00312839534582119
0.00314414590065254
-0.0146678562912811
-0.0141722861330023
-0.0151619285096441
0.028955288002552
0.00313483996743672
0.00313999723392888
0.00313606254786774
0.00316698775867823
0.0289711043576617
-0.0151255672933064
-0.0151195139080753
0.0289714474300841
-0.0151608147014422
0.00313613125881958
0.0289276003500647
-0.0151617113768581
0.00309540307130923
-0.0151589252126567
0.00312810540769321
0.00312677229633712
0.0289874197023033
-0.0151601265859774
0.0289683293937615
-0.0151671771059728
-0.0151620873551979
-0.0151293177227485
0.00310599027876507
0.00499625063000882
0.00499795444189619
-0.0151611949494111
-0.0151543659808697
0.0289669069552044
0.00313353487362757
-0.0151604613466698
0.00315882649120314
0.00313563848899522
0.0278424632424319
-0.015163762365659
0.0289607861966678
-0.0151462625317638
0.0289697240518827
-0.015158659476339
0.00315828452140248
0.0289700758412917
-0.0151568657790772
-0.0151636114075353
0.00313015242949965
0.00315131055721378
0.0289524034915957
0.00314142885139944
-0.0151616774158361
0.00499654714799282
-0.0151642928253374
0.00499531576146052
-0.0151611304668292
0.0049921146476895
0.00313060371363967
0.00311268943144438
0.00312686116281691
0.00252180549008537
0.00498870970081966
0.0289678547707574
-0.01515911769916
-0.0138766918085055
-0.0151643822864579
-0.0151591268061418
0.0289780874575926
0.0289396549308636
0.00312830394338754
0.0031349544181819
0.0288714013961612
-0.0151427550596006
0.0031304859832254
0.00307538126073377
0.00502088522676835
-0.015167070021666
0.00312792976538438
0.0289738923596439
-0.0151655225658984
0.00313586588377233
-0.0151601225586247
-0.0151603322943134
0.0289681772116103
-0.0151320355121429
0.0289217672189412
-0.0151431520833443
0.00496601571661268
-0.0151685755585069
-0.0151468569846159
-0.0151611719748074
0.00498898127456231
0.0289718683735751
0.00314819205210171
0.00496595927255915
-0.0151499953869996
0.0289806020628195
0.00313252787850057
-0.0151620404357196
0.00304854033912225
0.0288931700519691
0.00312439558193753
-0.0151612311911892
0.0289712836307134
0.0289864412479077
0.00312658662752305
-0.015146949867399
-0.0151680092286481
0.0031549502206724
0.00497526340583423
0.00499310823208876
0.00501469287696944
-0.0151509938635653
0.0289690759448171
0.00317362857717398
-0.0151365016877298
0.00499521543044958
0.00501579117741384
0.00314360425205616
0.0049803203040392
0.00313267854709486
0.00313235352220086
-0.0151668768537474
-0.0151177786766638
0.00313290812917531
0.0288588781797081
0.00313728882658725
0.0289560530598934
0.00312625113533202
-0.0151632681725726
0.00313031034035609
-0.0151614197142769
-0.0151629131986097
0.0289658707688416
-0.0151625337968607
-0.0151668526130184
0.00502143458133547
-0.0151657650466743
0.00312729579142888
-0.0151610926896308
0.00313263856649885
0.00311790975370096
-0.015146569369039
0.00313353545771755
0.0049916125537699
0.028954733455113
0.0290094047397636
0.0289301539797467
0.00313813221576942
0.00499669070649155
-0.0151475208175558
-0.0151613910275938
0.00313552148944618
-0.0151633149002619
0.00312471771190997
-0.0151611822743368
-0.0151563520903129
-0.0151583356437198
0.00313060003884887
-0.0151579999194014
-0.0150670155545269
0.00313628078809857
0.00499121789031877
0.0289708300271836
-0.0151521130928777
0.00499561284621543
-0.0151059655823445
0.0050419331532127
-0.0151647582955603
-0.015158916384361
0.0289873004423016
0.0289481810720447
-0.0151504068087193
-0.0151620603882557
0.0289758417603002
0.00312803642910086
0.0289631071836219
-0.0151375407849549
-0.0151499482038246
0.00499083297673312
-0.0151323626111326
0.00499129698727617
-0.01517146799415
-0.0151644879333679
0.00499378571654388
-0.0151656066748522
-0.0151447865987754
-0.0151632335702791
0.0289659242185591
0.00499026265114344
0.0031111056074428
0.00495481899074406
-0.0151719831718603
0.00314000930411369
0.0031346763570009
-0.0151583285243545
0.0289219859185839
0.00499497258593661
0.0049932548478828
0.00499015632753737
-0.0151663875061897
-0.0151345513081376
0.00315468157174514
0.0031349612472242
0.028977174817205
0.0031338690626587
-0.0151459367069949
-0.0151341413525131
0.0289141582034356
0.0289652035836775
0.00310210136739774
0.00313485259760647
0.0031301224677014
-0.015158730803281
0.0289744069668116
-0.0151596953617401
-0.0151578784854966
0.0288989562559115
0.00499774308244689
-0.015144620586104
0.00499734509082023
0.00312962333331725
-0.0151591181058295
0.00498922305723501
-0.015163669766394
0.00312984302102885
0.00312488935144829
0.00315141958457875
0.00313337992165119
-0.0151681001875237
-0.0151679059857391
-0.015162984211741
0.003102489647677
-0.0151590919682118
0.0289610127955365
0.0289798569387554
-0.0151594020652896
-0.0151538880240778
-0.0151633722652657
0.00313566622870782
-0.0151592188704016
-0.0151616866651277
-0.0151617203098852
0.00315450610626278
0.0031383587449977
-0.0151607821144364
0.0030971811436982
-0.0151296631802999
0.0289660987719243
-0.0151631717860597
0.00324591344481801
0.0031254952495323
0.00499508558914872
0.00311921679717329
-0.0151572541137615
-0.0151632433998535
0.00499548395656341
-0.0151511150128491
-0.0151618572858559
0.00501430918727551
-0.0151667843219566
0.0031551444631437
-0.0151587759558511
-0.0151616438203073
-0.0151694911797794
-0.015148568539979
0.0289607447888659
0.00314704051583765
0.0289591411367251
-0.0151623988442768
-0.0151505587854904
0.0289390946551237
0.028959267374106
-0.0151677516488456
0.00499217422395207
0.00314380771762902
-0.0151648931270971
-0.0151618853654943
0.00499550507464211
0.0289804468337033
0.0289587921020469
0.00308916915764487
0.00312797978282293
0.00311277018956224
0.00499510818935832
-0.0151595269626512
0.00499760494034714
-0.0151680181308001
-0.01516262292313
-0.0151551992173949
-0.0151385224919608
-0.0151586656955986
-0.0151571847379692
0.00499506911359816
0.0289469124381454
0.00313146169171737
-0.0146862356778028
0.00313602743486117
0.00312922791147207
-0.0151711610096444
0.00499451775933794
-0.0151647003687108
0.0289441666326404
0.0289796826171057
0.00311664304188647
0.0289720898884164
0.0289335203479151
0.0289373573267737
0.028970753659747
0.0289676549213349
-0.0151623797818762
-0.0151096956815421
-0.0151475059774385
-0.0151659790001187
0.00495923613336633
-0.0151656147295136
0.00313369314841307
-0.0151656146659608
0.0289774782986141
0.0289494215432793
0.0289782325707506
0.00311724608249642
0.00313063384927787
0.0031443283439678
0.0049909619398964
-0.0151610385348073
0.00313678609403278
-0.0151687979766197
-0.0151243603464393
-0.0151451455367078
-0.015168664635558
0.0289734730429318
0.00499420061730138
-0.0151626154040361
-0.0151650978929001
0.00499419706245526
-0.0151606348287403
0.0289702164754032
0.0289716202253199
0.00499175868808899
0.0289101627638948
0.0031340649970117
-0.0151654725107866
-0.0151399715637746
-0.0151694190880897
0.0289347674356329
0.00313951455433827
-0.0151703995568242
0.0049964813810963
0.00499525560086737
-0.0151458704865728
0.00308474366509329
0.0289562286161862
0.005002682141368
0.00499443942491419
-0.015168284371735
0.003111767937934
0.0031137923250506
-0.0151547830088533
0.0030961709603139
0.00313249889012489
0.0289643448519668
-0.0151494074095773
0.00313689227264283
-0.0151616836694663
-0.0151163329006378
-0.0151712070409712
-0.0151659153827735
-0.0151681084345256
0.0031314847961365
0.00312243821135101
0.0031306289206717
0.00313045132437146
-0.0151420123910694
0.0289279009318254
0.00313251331062087
-0.0151469767092636
0.00313074398958435
-0.0151686260804928
-0.0151469614395525
0.00313131482322445
0.00502280240834732
-0.015162471677986
-0.0151628718512307
0.0289644103206657
-0.0151442574821808
0.00312975097265886
0.00313254524278187
-0.015159476369862
0.00313171633367127
-0.0151719821444285
0.028967872743603
-0.0151719652864014
0.0289281448393797
0.00494566592487805
0.028962977547968
0.0289696877153095
-0.0151586798671443
-0.015148771363766
0.00312988103352761
-0.015162371720895
-0.015163590895704
0.0289366708724644
-0.015161271871986
-0.0151128853690391
0.00499323168202656
0.0049711583346213
0.0289717384815772
-0.0151605178811272
0.0289575507010983
-0.0151319236567329
0.0289712594327845
-0.0151628707356841
0.0289535118122552
0.00313234656379062
0.00313265661264991
0.00310989805662639
0.00501579338012564
0.0289424600434965
0.0289595431670685
-0.0151636875185965
0.0289684399523768
0.00313346206688374
0.0289822790493141
0.0289738152620048
-0.0151646569653606
-0.0151607969035438
-0.0151498940372251
-0.0151425357729566
0.00499692838610791
0.00499696594099756
0.00313387669607207
-0.0151656858993064
-0.0151620412792236
-0.0151672439227143
-0.0151678533525539
0.0289330319906871
-0.0151686430968459
-0.015161851712109
0.0289724433627309
0.00499497428186993
-0.0151580822797912
0.00499580253151268
-0.0151314638605461
0.00496526079814953
0.0289585704750627
0.0288820337637663
0.00307974232199381
-0.0151597787819848
-0.0151612402209009
-0.0151618013587493
0.00496516024664279
-0.0151583759739406
0.0289720267077345
-0.0151644179541855
0.00499620120781714
0.00313401448602141
0.003134613417592
-0.0151653827363951
0.0289600469099844
-0.0151611737723252
0.0289418421087138
-0.0151598406936135
-0.0151327625139511
0.00499297459578012
-0.0151632312014395
0.00499085381566377
0.00499486319535531
0.00499768493036097
0.00499604738114955
-0.0151633528949866
0.00310585052934742
-0.0147229940413253
0.00311667597748424
0.00316653952139677
0.0289684280916394
-0.0151606775116751
-0.0151652186955134
-0.0151697215667063
0.0289802004069194
0.0289708792111361
-0.0151596710981479
0.00313419122391296
0.00500058779601783
-0.0151636891140949
0.00317240596189372
0.00499202741570052
0.0289673324147439
0.00311770243306592
-0.015162605592104
0.00499462238613146
-0.0151692877370987
0.00496962826199226
0.0289410481358505
-0.0151734534846515
